frame ft primitives
3 56.799999 4131278.000000
4 48.599998 4130098.500000
5 43.599998 4129064.750000
6 46.099998 4126853.500000
7 41.400002 4126402.000000
8 39.700001 4083238.000000
9 44.299999 4077567.250000
10 44.700001 4077562.500000
11 49.400002 4076816.750000
12 45.500000 4034395.500000
13 43.700001 4029172.750000
14 50.799999 4027700.500000
15 39.400002 4022328.000000
16 45.900002 3981957.500000
17 40.799999 3981956.000000
18 38.200001 3981954.750000
19 37.099998 3981204.000000
20 46.599998 3980018.750000
21 38.700001 3978988.000000
22 45.099998 3974503.250000
23 45.099998 3932816.750000
24 42.099998 3932518.750000
25 48.099998 3893406.500000
26 41.299999 3851569.500000
27 50.500000 3835756.750000
28 50.799999 3835608.000000
29 43.099998 3835606.500000
30 43.500000 3799722.750000
31 42.400002 3790600.000000
32 43.200001 3826918.500000
33 42.900002 3828829.500000
34 47.900002 3750293.250000
35 49.000000 3783218.500000
36 43.200001 4006000.000000
37 46.000000 4129839.500000
38 45.400002 4113077.500000
39 47.299999 4080811.250000
40 45.099998 4049146.750000
41 42.099998 4035188.750000
42 46.099998 4045051.250000
43 43.000000 4123943.250000
44 44.099998 4163954.500000
45 51.700001 4229542.500000
46 53.700001 4369091.000000
47 48.400002 4346818.500000
48 43.799999 4324999.000000
49 53.500000 4267017.000000
50 50.799999 4280043.000000
51 46.000000 4269313.000000
52 44.200001 4292493.000000
53 47.700001 4349330.500000
54 52.700001 4357563.000000
55 46.200001 4394653.000000
56 50.799999 4459387.000000
57 50.500000 4527929.000000
58 49.799999 4601498.000000
59 64.099998 4703154.000000
60 48.799999 4629332.000000
61 54.000000 4628796.000000
62 45.299999 4603001.000000
63 58.000000 4580129.000000
64 52.000000 4580121.500000
65 54.099998 4580107.000000
66 52.700001 4580095.000000
67 50.599998 4580092.000000
68 68.599998 4580084.500000
69 60.200001 4580077.000000
70 62.500000 4579484.000000
71 47.099998 4578598.500000
72 43.700001 4578592.000000
73 54.099998 4578588.000000
74 52.500000 4577557.000000
75 45.700001 4576376.000000
76 50.400002 4574310.500000
77 54.000000 4558638.500000
78 46.700001 4526209.000000
79 53.299999 4524885.000000
80 46.000000 4524871.000000
81 51.799999 4524855.000000
82 42.700001 4471029.000000
83 52.500000 4435140.000000
84 53.400002 4434688.000000
85 51.700001 4432909.500000
86 67.699997 4432162.500000
87 47.299999 4432139.000000
88 53.000000 4400733.000000
89 51.700001 4387261.500000
90 53.099998 4378272.000000
91 44.799999 4341357.000000
92 42.099998 4295749.000000
93 49.500000 4155810.500000
94 46.200001 4073004.750000
95 48.299999 4035328.000000
96 39.299999 3993461.500000
97 53.500000 4016008.000000
98 40.799999 3974309.500000
99 38.500000 3946222.750000
100 35.700001 3860856.750000
101 39.500000 3853345.500000
102 35.599998 3889359.250000
103 34.900002 3906262.500000
104 46.099998 3942290.500000
105 40.900002 3968314.500000
106 48.200001 3998520.000000
107 49.599998 4040056.750000
108 49.799999 3924321.500000
109 40.000000 3883073.250000
110 55.400002 3908140.000000
111 46.099998 3919815.500000
112 43.900002 3906794.500000
113 44.799999 3864147.250000
114 42.900002 3794955.500000
115 34.700001 3771499.250000
116 39.099998 3815680.750000
117 43.400002 3901771.500000
118 41.900002 3982353.500000
119 43.200001 3957140.000000
120 48.799999 3848694.750000
121 39.000000 3813114.750000
122 43.099998 3799658.750000
123 37.200001 3892660.000000
124 44.799999 3966108.750000
125 37.000000 3974266.500000
126 40.400002 3869936.750000
127 42.299999 3796420.000000
128 31.799999 3771647.250000
129 42.400002 3813191.250000
130 43.700001 3877602.500000
131 38.799999 3919807.500000
132 44.000000 3924600.750000
133 37.700001 3892260.500000
134 40.099998 3892191.250000
135 43.599998 3951820.750000
136 47.599998 4052631.250000
137 39.400002 3976099.250000
138 46.900002 3969200.000000
139 39.099998 3928393.500000
140 46.200001 3893251.250000
141 38.000000 3889360.750000
142 36.700001 3839454.000000
143 40.799999 3887769.250000
144 45.000000 3959675.250000
145 37.700001 3983724.750000
146 44.099998 4011968.500000
147 39.599998 4002440.750000
148 44.299999 4049235.250000
149 42.500000 4073748.000000
150 45.799999 4214413.500000
151 33.000000 4318478.000000
152 33.500000 4371910.500000
153 32.500000 4342925.000000
154 32.799999 4322009.000000
155 32.500000 4330922.000000
156 31.400000 4258972.500000
157 31.100000 4295900.500000
158 32.099998 4420409.500000
159 33.500000 4538815.000000
160 34.500000 4664428.000000
161 34.500000 4631002.500000
162 34.400002 4635510.500000
163 34.799999 4690958.500000
164 35.799999 4723489.000000
165 36.900002 4775715.000000
166 37.500000 4924473.000000
167 37.700001 4981462.000000
168 37.299999 4890866.500000
169 36.700001 4889829.500000
170 40.099998 4889817.500000
171 36.500000 4876356.000000
172 35.900002 4844958.500000
173 35.799999 4844942.500000
174 34.799999 4719361.500000
175 34.900002 4664213.000000
176 34.099998 4632659.000000
177 33.000000 4605155.000000
178 33.799999 4559417.000000
179 32.700001 4483169.000000
180 32.299999 4451033.000000
181 31.600000 4414415.000000
182 31.100000 4391094.500000
183 31.200001 4390498.500000
184 31.000000 4389175.000000
185 30.500000 4389022.000000
186 30.600000 4389010.500000
187 30.500000 4360918.500000
188 29.900000 4342672.000000
189 30.100000 4340744.000000
190 29.900000 4312798.500000
191 29.400000 4294848.000000
192 29.500000 4289031.000000
193 29.200001 4227933.500000
194 28.299999 4142424.000000
195 28.200001 4111028.000000
196 27.799999 4070663.250000
197 27.900000 4066160.750000
198 27.700001 4066156.000000
199 27.400000 4066155.250000
200 27.400000 4066152.000000
201 27.400000 4057177.500000
202 27.000000 3998869.250000
203 26.400000 3976435.500000
204 27.000000 3975984.750000
205 25.700001 3974953.500000
206 26.400000 3974945.500000
207 26.500000 3934569.500000
208 26.000000 3930076.000000
209 25.700001 3930070.500000
210 26.299999 3930070.500000
211 25.200001 3894182.500000
212 25.200001 3853075.500000
213 25.000000 3838884.000000
214 25.100000 3838884.000000
215 25.000000 3825426.500000
216 24.900000 3794028.750000
217 24.900000 3776084.000000
218 24.500000 3726746.000000
219 23.600000 3704316.750000
220 23.799999 3703875.250000
221 23.799999 3701522.500000
222 23.799999 3701363.500000
223 23.700001 3701355.500000
224 23.700001 3701346.750000
225 23.500000 3674435.250000
226 23.200001 3656491.250000
227 23.100000 3638545.500000
228 22.600000 3611630.500000
229 22.400000 3611626.500000
230 22.700001 3611618.750000
231 21.600000 3610132.000000
232 22.000000 3601152.000000
233 21.700001 3565257.250000
234 21.700001 3537604.750000
235 23.900000 3518923.500000
236 21.200001 3518917.250000
237 21.299999 3500971.500000
238 20.900000 3474050.000000
239 19.400000 3474048.000000
240 19.799999 3451624.000000
241 20.799999 3429197.250000
242 20.799999 3393317.500000
243 19.500000 3383899.250000
244 20.299999 3382121.500000
245 20.900000 3381380.000000
246 20.299999 3358952.500000
247 20.100000 3305134.000000
248 19.900000 3273735.250000
249 20.000000 3246821.500000
250 19.900000 3242327.500000
251 20.400000 3201947.500000
252 20.100000 3166056.000000
253 19.799999 3157075.250000
254 19.799999 3156918.500000
255 20.100000 3154709.250000
256 19.700001 3154116.000000
257 20.500000 3154110.000000
258 20.500000 3154097.500000
259 19.799999 3154089.500000
260 19.900000 3154088.000000
261 19.500000 3154081.250000
262 20.000000 3086802.750000
263 19.500000 3018787.000000
264 19.799999 3018045.250000
265 19.299999 3013256.000000
266 20.000000 2940316.750000
267 19.700001 2926857.250000
268 19.799999 2926852.000000
269 21.200001 2926840.000000
270 19.700001 2899916.000000
271 20.500000 2878444.000000
272 19.799999 2932415.500000
273 19.400000 2989712.000000
274 19.700001 3084202.500000
275 19.600000 3139204.750000
276 20.000000 3224879.000000
277 20.299999 3236873.750000
278 20.200001 3200562.750000
279 19.900000 3214035.250000
280 19.900000 3258162.500000
281 19.799999 3273981.000000
282 20.000000 3257374.000000
283 19.500000 3360522.000000
284 19.900000 3468161.500000
285 21.000000 3536044.000000
286 20.100000 3644878.500000
287 21.299999 3687613.250000
288 22.700001 3749183.500000
289 24.100000 3885160.750000
290 25.299999 3962916.000000
291 26.400000 4093167.250000
292 28.000000 4289823.000000
293 29.600000 4477576.000000
294 32.000000 4722160.000000
295 34.000000 4881602.500000
296 35.400002 4989653.000000
297 36.500000 5094523.000000
298 38.099998 5226161.000000
299 38.599998 5221532.000000
300 38.900002 5244367.000000
301 39.700001 5318645.500000
302 40.799999 5362605.000000
303 41.400002 5395098.500000
304 41.299999 5398403.000000
305 40.700001 5340611.000000
306 40.299999 5320320.000000
307 39.299999 5243244.000000
308 39.599998 5156780.500000
309 37.299999 5130386.500000
310 38.599998 5133541.000000
311 39.099998 5209845.500000
312 40.099998 5314119.500000
313 41.099998 5412903.000000
314 42.700001 5491888.000000
315 43.700001 5596038.500000
316 44.799999 5677019.000000
317 46.599998 5846965.500000
318 48.799999 5961289.500000
319 48.900002 6046457.000000
320 49.799999 6161295.000000
321 49.900002 6103708.000000
322 50.299999 6066688.500000
323 50.700001 6107739.000000
324 50.400002 6029409.500000
325 48.799999 5857975.000000
326 47.400002 5711179.000000
327 46.200001 5605357.500000
328 45.599998 5569026.500000
329 44.599998 5449319.000000
330 44.099998 5477377.500000
331 44.500000 5567559.000000
332 45.000000 5603955.500000
333 45.099998 5604412.500000
334 45.000000 5586256.000000
335 44.599998 5564117.500000
336 43.799999 5575012.000000
337 44.400002 5641934.500000
338 45.200001 5737019.000000
339 46.299999 5823637.000000
340 46.599998 5839520.500000
341 46.799999 5831217.500000
342 46.599998 5817228.500000
343 46.099998 5756607.000000
344 45.200001 5613356.000000
345 43.000000 5495614.500000
346 41.799999 5387546.500000
347 39.700001 5298309.000000
348 37.900002 5076366.000000
349 34.500000 4702012.000000
350 32.599998 4528235.000000
351 31.600000 4467082.500000
352 29.900000 4328687.500000
353 28.400000 4204943.000000
354 27.600000 4086546.500000
355 25.799999 3878314.000000
356 24.799999 3821244.750000
357 24.000000 3765203.250000
358 22.700001 3675188.000000
359 21.900000 3613398.000000
360 21.700001 3533536.000000
361 20.400000 3454206.500000
362 20.200001 3376782.000000
363 21.900000 3376780.750000
364 20.100000 3376772.500000
365 19.500000 3375296.000000
366 20.000000 3373823.250000
367 19.900000 3373813.500000
368 19.799999 3372477.500000
369 20.400000 3371578.500000
370 19.299999 3366657.250000
371 20.900000 3349806.500000
372 20.100000 2980813.500000
373 19.299999 2692312.000000
374 19.000000 2548798.500000
375 18.700001 2517404.750000
376 19.200001 2450132.750000
377 19.100000 2445648.000000
378 18.799999 2445648.000000
379 18.900000 2445648.000000
380 18.600000 2445648.000000
381 18.799999 2414254.500000
382 18.500000 2400800.000000
383 18.400000 2400800.000000
384 18.700001 2400800.000000
385 18.600000 2400800.000000
386 19.299999 2400800.000000
387 18.500000 2400800.000000
388 18.200001 2400800.000000
389 18.400000 2400800.000000
390 18.799999 2400800.000000
391 18.100000 2400800.000000
392 18.600000 2400800.000000
393 18.400000 2400800.000000
394 18.299999 2400800.000000
395 18.700001 2400800.000000
396 18.400000 2400800.000000
397 18.500000 2400800.000000
398 18.100000 2400800.000000
399 18.600000 2400800.000000
400 18.799999 2400800.000000
401 18.700001 2400800.000000
402 18.799999 2427708.750000
403 18.700001 2445648.000000
404 18.600000 2445648.000000
405 18.900000 2445648.000000
406 18.799999 2445648.000000
407 18.799999 2463587.250000
408 18.799999 2530859.250000
409 19.000000 2589161.500000
410 18.900000 2732822.250000
411 19.200001 3139263.250000
412 19.700001 3358889.500000
413 19.200001 3368897.500000
414 19.900000 3372027.250000
415 19.299999 3372921.250000
416 20.000000 3373818.500000
417 19.500000 3374265.500000
418 20.000000 3375737.500000
419 19.500000 3376775.250000
420 20.400000 3376782.000000
421 20.500000 3381266.500000
422 20.200001 3416830.500000
423 20.200001 3348344.500000
424 19.299999 3171930.000000
425 19.500000 3036353.750000
426 19.600000 3010383.750000
427 19.799999 3004399.500000
428 19.299999 2902910.750000
429 19.500000 2855533.000000
430 18.900000 2767664.500000
431 19.400000 2683987.000000
432 19.299999 2672810.750000
433 19.200001 2613034.750000
434 19.700001 2590599.500000
435 18.799999 2629776.750000
436 19.500000 2633968.000000
437 18.900000 2633969.500000
438 19.500000 2670295.500000
439 19.000000 2679412.000000
440 18.900000 2678821.500000
441 19.600000 2678826.500000
442 19.000000 2678823.500000
443 19.100000 2665366.500000
444 18.900000 2612285.000000
445 19.500000 2633975.500000
446 20.000000 2669868.750000
447 19.400000 2681488.750000
448 19.400000 2681806.750000
449 19.400000 2681081.000000
450 19.600000 2681818.500000
451 19.299999 2699755.250000
452 19.799999 2726670.500000
453 19.299999 2767631.500000
454 19.600000 2775509.500000
455 19.400000 2777874.500000
456 19.799999 2779059.750000
457 19.799999 2778920.000000
458 19.400000 2811205.500000
459 19.700001 2870118.000000
460 19.500000 2901527.500000
461 19.799999 2941912.000000
462 19.400000 3040741.500000
463 19.799999 3050013.500000
464 19.500000 3085464.500000
465 19.500000 3131208.000000
466 20.299999 3236882.500000
467 20.000000 3291729.500000
468 19.700001 3376955.500000
469 22.200001 3489674.750000
470 20.200001 3505364.750000
471 21.500000 3510389.500000
472 19.600000 3635178.750000
473 25.400000 3795459.250000
474 22.000000 3894645.500000
475 29.100000 4035959.250000
476 24.000000 4216207.000000
477 29.299999 4416168.000000
478 31.200001 4680766.500000
479 32.500000 4793017.000000
480 33.599998 4868925.000000
481 35.000000 4999028.000000
482 36.599998 5132301.000000
483 37.500000 5154751.000000
484 38.099998 5192645.500000
485 38.299999 5313169.500000
486 39.400002 5325966.500000
487 39.799999 5309359.000000
488 40.500000 5378257.000000
489 41.700001 5398535.000000
490 41.200001 5400147.000000
491 41.299999 5382132.500000
492 40.799999 5401023.000000
493 40.900002 5374848.500000
494 41.000000 5411271.000000
495 42.000000 5553700.000000
496 42.799999 5680407.000000
497 44.400002 5765299.000000
498 45.299999 6049753.000000
499 47.900002 6227519.000000
500 49.700001 6263943.000000
501 49.299999 6254042.500000
502 51.599998 6461108.000000
503 53.500000 6576065.500000
504 54.400002 6560212.500000
505 53.799999 6493194.500000
506 53.400002 6463811.000000
507 54.099998 6433201.500000
508 52.000000 6217079.000000
509 49.900002 6044192.000000
510 49.299999 6030405.500000
511 49.000000 6048104.000000
512 48.900002 5976765.000000
513 48.700001 6006021.000000
514 48.000000 5906097.000000
515 47.200001 5845634.500000
516 47.200001 5931653.000000
517 47.500000 6057775.000000
518 47.599998 5962367.000000
519 46.200001 5952441.500000
520 46.900002 5934644.500000
521 46.299999 5911328.000000
522 46.500000 5898079.000000
523 46.500000 5934464.000000
524 46.599998 5893491.000000
525 45.200001 5860149.000000
526 44.599998 5750770.500000
527 43.000000 5628953.000000
528 41.799999 5434641.500000
529 40.299999 5316417.000000
530 37.799999 5020713.500000
531 34.799999 4780541.000000
532 33.700001 4655879.000000
533 31.600000 4454839.000000
534 29.900000 4326298.500000
535 28.799999 4159002.750000
536 25.700001 3942078.500000
537 24.799999 3795150.750000
538 23.700001 3728212.000000
539 22.200001 3624291.250000
540 21.799999 3558760.000000
541 23.100000 3463177.250000
542 20.799999 3423100.000000
543 19.900000 3424423.250000
544 19.600000 3424568.750000
545 22.000000 3424422.500000
546 19.700001 3378252.000000
547 20.900000 3378252.000000
548 20.200001 3378254.750000
549 21.100000 3378251.250000
550 19.799999 3378246.750000
551 19.400000 3377343.500000
552 19.400000 3285715.750000
553 19.299999 2945527.500000
554 19.100000 2619872.750000
555 19.200001 2578609.500000
556 18.600000 2510596.500000
557 18.700001 2460524.750000
558 19.000000 2451552.000000
559 19.000000 2451552.000000
560 19.500000 2451552.000000
561 18.700001 2451554.500000
562 19.100000 2451117.500000
563 19.500000 2450090.000000
564 18.900000 2450090.000000
565 18.799999 2481482.000000
566 19.100000 2494199.000000
567 18.700001 2491994.500000
568 18.600000 2469573.250000
569 18.799999 2447150.000000
570 19.200001 2445975.500000
571 19.100000 2445688.000000
572 18.900000 2445978.500000
573 19.100000 2474058.000000
574 18.700001 2492729.500000
575 18.900000 2476259.750000
576 18.700001 2450083.250000
577 18.900000 2450079.250000
578 18.700001 2450078.000000
579 19.400000 2450077.500000
580 19.100000 2450072.750000
581 18.700001 2450070.000000
582 18.600000 2451097.000000
583 18.799999 2451532.750000
584 18.799999 2451529.500000
585 19.100000 2451528.000000
586 18.799999 2449915.000000
587 18.900000 2448593.250000
588 19.299999 2448596.000000
589 18.600000 2478666.500000
590 18.700001 2491974.000000
591 18.700001 2491974.000000
592 18.700001 2491239.000000
593 18.799999 2490504.000000
594 18.799999 2450140.750000
595 18.799999 2445656.000000
596 18.799999 2477045.500000
597 18.400000 2490496.000000
598 18.299999 2490496.000000
599 19.000000 2490496.000000
600 18.799999 2490496.000000
601 18.700001 2490496.000000
602 18.799999 2490496.000000
603 18.600000 2490496.000000
604 18.700001 2490496.000000
605 18.900000 2490496.000000
606 19.299999 2490496.000000
607 19.799999 2491231.000000
608 19.600000 2491966.000000
609 20.400000 2491966.000000
610 19.500000 2491966.000000
611 19.600000 2491966.000000
612 19.500000 2491966.000000
613 19.400000 2491966.000000
614 19.700001 2491966.000000
615 19.900000 2532331.250000
616 19.200001 2537406.000000
617 20.200001 2575638.000000
618 19.700001 2639033.250000
619 19.299999 2690905.000000
620 19.700001 2844031.250000
621 19.900000 2956427.500000
622 20.900000 2961218.000000
623 19.799999 2961218.000000
624 20.000000 3001581.250000
625 20.200001 3007095.000000
626 20.200001 3007536.000000
627 19.600000 3007536.000000
628 20.500000 3007536.000000
629 19.799999 2971657.500000
630 20.600000 2962688.000000
631 20.500000 2962688.000000
632 19.900000 2962688.000000
633 20.000000 2962688.000000
634 19.700001 2962243.750000
635 20.400000 2960185.000000
636 20.000000 2937320.000000
637 20.000000 2914894.000000
638 20.299999 2914447.750000
639 20.100000 2912200.000000
640 19.200001 2907287.500000
641 18.900000 2843269.250000
642 18.400000 2670623.000000
643 18.900000 2503950.500000
644 19.100000 2490496.000000
645 18.900000 2445648.000000
646 18.299999 2445648.000000
647 18.400000 2445648.000000
648 18.400000 2445648.000000
649 18.799999 2445648.000000
650 18.799999 2445648.000000
651 18.600000 2445648.000000
652 19.299999 2445648.000000
653 18.799999 2445648.000000
654 18.799999 2445648.000000
655 18.799999 2445648.000000
656 18.500000 2445648.000000
657 18.600000 2445648.000000
658 18.500000 2445648.000000
659 18.400000 2400800.000000
660 18.900000 2400800.000000
661 18.400000 2400800.000000
662 18.200001 2400800.000000
663 18.900000 2400800.000000
664 18.600000 2432193.500000
665 18.799999 2486011.250000
666 18.600000 2490496.000000
667 18.500000 2490496.000000
668 18.600000 2490496.000000
669 18.600000 2472556.750000
670 18.299999 2400800.000000
671 19.000000 2400800.000000
672 18.100000 2400800.000000
673 18.500000 2400800.000000
674 18.299999 2400800.000000
675 18.400000 2400800.000000
676 18.299999 2400800.000000
677 18.500000 2400800.000000
678 18.400000 2400800.000000
679 18.600000 2400800.000000
680 18.000000 2400800.000000
681 18.799999 2400800.000000
682 18.500000 2400800.000000
683 18.100000 2400800.000000
684 18.299999 2400800.000000
685 18.200001 2400800.000000
686 18.500000 2400800.000000
687 18.400000 2400800.000000
688 18.500000 2400800.000000
689 18.200001 2400800.000000
690 18.700001 2400800.000000
691 18.200001 2400800.000000
692 18.500000 2400800.000000
693 18.200001 2400800.000000
694 18.400000 2400800.000000
695 18.500000 2427708.750000
696 18.600000 2445648.000000
697 18.600000 2468072.000000
698 18.700001 2490496.000000
699 18.500000 2490496.000000
700 18.400000 2459102.500000
701 18.200001 2445648.000000
702 19.100000 2436678.500000
703 18.400000 2400800.000000
704 18.400000 2400800.000000
705 18.600000 2400800.000000
706 18.200001 2400800.000000
707 18.500000 2400800.000000
708 18.299999 2400800.000000
709 18.299999 2400800.000000
710 18.299999 2400800.000000
711 18.400000 2400800.000000
712 18.100000 2400800.000000
713 18.500000 2400800.000000
714 18.799999 2400800.000000
715 18.600000 2400800.000000
716 18.700001 2400800.000000
717 18.000000 2400800.000000
718 18.700001 2400800.000000
719 18.400000 2400800.000000
720 18.299999 2400800.000000