frame ft primitives
3 70.900002 9424800.000000
4 71.400002 9424800.000000
5 70.699997 9424800.000000
6 70.699997 9424800.000000
7 71.099998 9424800.000000
8 70.900002 9424800.000000
9 70.900002 9424800.000000
10 71.000000 9424800.000000
11 71.199997 9424800.000000
12 70.900002 9424800.000000
13 78.599998 9424800.000000
14 71.099998 9424800.000000
15 70.699997 9424800.000000
16 70.599998 9424800.000000
17 82.000000 9424800.000000
18 65.800003 9424800.000000
19 70.099998 9424800.000000
20 70.500000 9424800.000000
21 70.500000 9424800.000000
22 70.000000 9424800.000000
23 74.800003 9424800.000000
24 67.300003 9424800.000000
25 71.000000 9424800.000000
26 70.800003 9424800.000000
27 77.800003 9424800.000000
28 77.400002 9424800.000000
29 66.300003 9424800.000000
30 71.199997 9424800.000000
31 78.400002 9424800.000000
32 81.800003 9424800.000000
33 76.500000 9424800.000000
34 67.500000 9424800.000000
35 70.800003 9424800.000000
36 71.500000 9424800.000000
37 71.599998 9424800.000000
38 71.800003 9424800.000000
39 71.300003 9424800.000000
40 70.800003 9424800.000000
41 70.599998 9424800.000000
42 71.500000 9424800.000000
43 71.800003 9424800.000000
44 72.000000 9424800.000000
45 71.800003 9424800.000000
46 71.800003 9424800.000000
47 84.000000 9424800.000000
48 70.099998 9424800.000000
49 76.000000 9424800.000000
50 67.900002 9424800.000000
51 84.500000 9424800.000000
52 70.800003 9424800.000000
53 71.000000 9424800.000000
54 70.900002 9424800.000000
55 70.800003 9424800.000000
56 70.800003 9424800.000000
57 71.400002 9424800.000000
58 72.800003 9424800.000000
59 72.800003 9424800.000000
60 72.400002 9424800.000000
61 72.599998 9424800.000000
62 72.099998 9424800.000000
63 72.800003 9424800.000000
64 72.800003 9424800.000000
65 72.599998 9424800.000000
66 73.000000 9424800.000000
67 73.099998 9424800.000000
68 73.000000 9424800.000000
69 73.400002 9424800.000000
70 73.900002 9424800.000000
71 72.699997 9424800.000000
72 72.699997 9424800.000000
73 72.900002 9424800.000000
74 72.599998 9424800.000000
75 72.400002 9424800.000000
76 72.500000 9424800.000000
77 72.099998 9424800.000000
78 72.500000 9424800.000000
79 72.500000 9424800.000000
80 72.500000 9424800.000000
81 73.400002 9424800.000000
82 72.599998 9424800.000000
83 72.699997 9424800.000000
84 72.900002 9424800.000000
85 72.500000 9424800.000000
86 72.300003 9424800.000000
87 72.400002 9424800.000000
88 71.800003 9424800.000000
89 71.699997 9424800.000000
90 70.900002 9424800.000000
91 86.699997 9424800.000000
92 59.000000 9424800.000000
93 70.199997 9424800.000000
94 70.300003 9424800.000000
95 69.900002 9424800.000000
96 70.199997 9424800.000000
97 69.800003 9424800.000000
98 70.099998 9424800.000000
99 69.800003 9424800.000000
100 81.199997 9424800.000000
101 58.500000 9424800.000000
102 69.599998 9424800.000000
103 77.699997 9424800.000000
104 62.599998 9424800.000000
105 70.300003 9424800.000000
106 70.300003 9424800.000000
107 69.599998 9424800.000000
108 69.199997 9424800.000000
109 80.099998 9424800.000000
110 66.599998 9424800.000000
111 73.900002 9424800.000000
112 74.199997 9424800.000000
113 70.699997 9424800.000000
114 69.000000 9424800.000000
115 68.900002 9424800.000000
116 70.800003 9424800.000000
117 69.199997 9424800.000000
118 70.400002 9424800.000000
119 71.400002 9424800.000000
120 73.699997 9424800.000000
121 67.800003 9424800.000000
122 70.300003 9424800.000000
123 70.800003 9424800.000000
124 70.800003 9424800.000000
125 71.000000 9424800.000000
126 70.000000 9424800.000000
127 77.300003 9424800.000000
128 69.400002 9424800.000000
129 71.199997 9424800.000000
130 64.000000 9424800.000000
131 69.400002 9424800.000000
132 78.300003 9424800.000000
133 68.599998 9424800.000000
134 70.000000 9424800.000000
135 69.500000 9424800.000000
136 81.099998 9424800.000000
137 58.400002 9424800.000000
138 77.800003 9424800.000000
139 64.000000 9424800.000000
140 70.000000 9424800.000000
141 69.300003 9424800.000000
142 69.599998 9424800.000000
143 69.599998 9424800.000000
144 69.900002 9424800.000000
145 70.000000 9424800.000000
146 70.099998 9424800.000000
147 70.000000 9424800.000000
148 70.300003 9424800.000000
149 69.800003 9424800.000000
150 69.900002 9424800.000000
151 72.900002 9424800.000000
152 67.800003 9424800.000000
153 71.400002 9424800.000000
154 71.699997 9424800.000000
155 70.599998 9424800.000000
156 70.400002 9424800.000000
157 70.300003 9424800.000000
158 70.400002 9424800.000000
159 71.000000 9424800.000000
160 71.000000 9424800.000000
161 70.699997 9424800.000000
162 70.800003 9424800.000000
163 71.500000 9424800.000000
164 71.500000 9424800.000000
165 72.400002 9424800.000000
166 72.000000 9424800.000000
167 71.699997 9424800.000000
168 71.300003 9424800.000000
169 71.199997 9424800.000000
170 70.800003 9424800.000000
171 70.900002 9424800.000000
172 70.400002 9424800.000000
173 70.199997 9424800.000000
174 70.699997 9424800.000000
175 70.000000 9424800.000000
176 70.099998 9424800.000000
177 69.900002 9424800.000000
178 70.000000 9424800.000000
179 69.800003 9424800.000000
180 69.500000 9424800.000000
181 69.199997 9424800.000000
182 69.300003 9424800.000000
183 68.900002 9424800.000000
184 69.000000 9424800.000000
185 68.800003 9424800.000000
186 69.000000 9424800.000000
187 68.500000 9424800.000000
188 68.500000 9424800.000000
189 68.300003 9424800.000000
190 68.500000 9424800.000000
191 68.099998 9424800.000000
192 68.300003 9424800.000000
193 68.199997 9424800.000000
194 68.400002 9424800.000000
195 68.199997 9424800.000000
196 68.300003 9424800.000000
197 68.300003 9424800.000000
198 68.599998 9424800.000000
199 68.000000 9424800.000000
200 68.199997 9424800.000000
201 68.000000 9424800.000000
202 67.900002 9424800.000000
203 67.900002 9424800.000000
204 67.699997 9424800.000000
205 67.599998 9424800.000000
206 67.699997 9424800.000000
207 67.800003 9424800.000000
208 67.599998 9424800.000000
209 67.400002 9424800.000000
210 67.900002 9424800.000000
211 67.300003 9424800.000000
212 67.099998 9424800.000000
213 67.599998 9424800.000000
214 67.300003 9424800.000000
215 67.400002 9424800.000000
216 67.500000 9424800.000000
217 67.199997 9424800.000000
218 67.199997 9424800.000000
219 67.300003 9424800.000000
220 67.300003 9424800.000000
221 67.199997 9424800.000000
222 67.300003 9424800.000000
223 67.500000 9424800.000000
224 67.099998 9424800.000000
225 67.000000 9424800.000000
226 67.099998 9424800.000000
227 66.900002 9424800.000000
228 66.800003 9424800.000000
229 66.599998 9424800.000000
230 66.400002 9424800.000000
231 66.300003 9424800.000000
232 66.199997 9424800.000000
233 66.099998 9424800.000000
234 66.300003 9424800.000000
235 66.400002 9424800.000000
236 66.300003 9424800.000000
237 65.900002 9424800.000000
238 66.099998 9424800.000000
239 66.099998 9424800.000000
240 66.099998 9424800.000000
241 65.800003 9424800.000000
242 65.900002 9424800.000000
243 65.900002 9424800.000000
244 65.400002 9424800.000000
245 65.599998 9424800.000000
246 65.500000 9424800.000000
247 65.800003 9424800.000000
248 66.000000 9424800.000000
249 65.400002 9424800.000000
250 65.300003 9424800.000000
251 65.300003 9424800.000000
252 65.099998 9424800.000000
253 64.800003 9424800.000000
254 64.800003 9424800.000000
255 64.199997 9424800.000000
256 64.300003 9424800.000000
257 64.199997 9424800.000000
258 63.700001 9424800.000000
259 63.799999 9424800.000000
260 64.300003 9424800.000000
261 63.400002 9424800.000000
262 63.599998 9424800.000000
263 63.500000 9424800.000000
264 63.700001 9424800.000000
265 63.599998 9424800.000000
266 63.299999 9424800.000000
267 63.299999 9424800.000000
268 63.299999 9424800.000000
269 63.099998 9424800.000000
270 63.200001 9424800.000000
271 63.099998 9424800.000000
272 62.799999 9424800.000000
273 63.799999 9424800.000000
274 63.200001 9424800.000000
275 63.599998 9424800.000000
276 64.099998 9424800.000000
277 64.500000 9424800.000000
278 65.000000 9424800.000000
279 64.699997 9424800.000000
280 65.000000 9424800.000000
281 64.800003 9424800.000000
282 65.500000 9424800.000000
283 65.699997 9424800.000000
284 65.199997 9424800.000000
285 65.599998 9424800.000000
286 66.199997 9424800.000000
287 65.800003 9424800.000000
288 66.099998 9424800.000000
289 66.300003 9424800.000000
290 66.900002 9424800.000000
291 67.199997 9424800.000000
292 67.300003 9424800.000000
293 67.500000 9424800.000000
294 68.300003 9424800.000000
295 68.900002 9424800.000000
296 69.300003 9424800.000000
297 69.599998 9424800.000000
298 70.500000 9424800.000000
299 70.500000 9424800.000000
300 70.199997 9424800.000000
301 70.900002 9424800.000000
302 71.500000 9424800.000000
303 71.699997 9424800.000000
304 71.699997 9424800.000000
305 71.699997 9424800.000000
306 71.000000 9424800.000000
307 70.599998 9424800.000000
308 70.300003 9424800.000000
309 70.500000 9424800.000000
310 71.400002 9424800.000000
311 71.199997 9424800.000000
312 71.199997 9424800.000000
313 72.000000 9424800.000000
314 72.500000 9424800.000000
315 72.599998 9424800.000000
316 73.300003 9424800.000000
317 74.199997 9424800.000000
318 74.599998 9424800.000000
319 74.599998 9424800.000000
320 74.500000 9424800.000000
321 75.400002 9424800.000000
322 75.599998 9424800.000000
323 75.699997 9424800.000000
324 75.900002 9424800.000000
325 75.000000 9424800.000000
326 74.699997 9424800.000000
327 74.699997 9424800.000000
328 74.599998 9424800.000000
329 74.400002 9424800.000000
330 73.900002 9424800.000000
331 73.800003 9424800.000000
332 74.400002 9424800.000000
333 73.699997 9424800.000000
334 73.900002 9424800.000000
335 73.699997 9424800.000000
336 73.199997 9424800.000000
337 72.900002 9424800.000000
338 73.300003 9424800.000000
339 73.599998 9424800.000000
340 73.800003 9424800.000000
341 73.900002 9424800.000000
342 73.599998 9424800.000000
343 73.900002 9424800.000000
344 72.900002 9424800.000000
345 72.500000 9424800.000000
346 71.699997 9424800.000000
347 70.699997 9424800.000000
348 69.800003 9424800.000000
349 69.199997 9424800.000000
350 69.099998 9424800.000000
351 68.900002 9424800.000000
352 68.800003 9424800.000000
353 68.400002 9424800.000000
354 68.300003 9424800.000000
355 68.500000 9424800.000000
356 67.500000 9424800.000000
357 67.400002 9424800.000000
358 66.900002 9424800.000000
359 66.500000 9424800.000000
360 66.500000 9424800.000000
361 66.300003 9424800.000000
362 66.099998 9424800.000000
363 66.000000 9424800.000000
364 65.900002 9424800.000000
365 65.699997 9424800.000000
366 65.500000 9424800.000000
367 65.699997 9424800.000000
368 65.199997 9424800.000000
369 64.800003 9424800.000000
370 64.199997 9424800.000000
371 63.599998 9424800.000000
372 62.099998 9424800.000000
373 61.400002 9424800.000000
374 60.799999 9424800.000000
375 60.599998 9424800.000000
376 60.599998 9424800.000000
377 60.400002 9424800.000000
378 60.500000 9424800.000000
379 60.400002 9424800.000000
380 60.500000 9424800.000000
381 60.900002 9424800.000000
382 60.299999 9424800.000000
383 60.500000 9424800.000000
384 60.200001 9424800.000000
385 60.400002 9424800.000000
386 60.599998 9424800.000000
387 60.400002 9424800.000000
388 61.299999 9424800.000000
389 60.299999 9424800.000000
390 60.299999 9424800.000000
391 60.799999 9424800.000000
392 60.700001 9424800.000000
393 60.700001 9424800.000000
394 60.799999 9424800.000000
395 60.599998 9424800.000000
396 60.599998 9424800.000000
397 60.500000 9424800.000000
398 60.700001 9424800.000000
399 60.500000 9424800.000000
400 60.700001 9424800.000000
401 60.599998 9424800.000000
402 60.799999 9424800.000000
403 60.500000 9424800.000000
404 60.599998 9424800.000000
405 60.400002 9424800.000000
406 60.799999 9424800.000000
407 60.400002 9424800.000000
408 61.299999 9424800.000000
409 60.799999 9424800.000000
410 61.200001 9424800.000000
411 61.799999 9424800.000000
412 63.299999 9424800.000000
413 63.900002 9424800.000000
414 64.900002 9424800.000000
415 65.300003 9424800.000000
416 65.199997 9424800.000000
417 65.599998 9424800.000000
418 70.300003 9424800.000000
419 61.500000 9424800.000000
420 66.500000 9424800.000000
421 66.099998 9424800.000000
422 66.000000 9424800.000000
423 65.300003 9424800.000000
424 64.699997 9424800.000000
425 64.599998 9424800.000000
426 64.699997 9424800.000000
427 64.900002 9424800.000000
428 64.400002 9424800.000000
429 63.900002 9424800.000000
430 62.900002 9424800.000000
431 62.599998 9424800.000000
432 62.299999 9424800.000000
433 63.000000 9424800.000000
434 62.200001 9424800.000000
435 62.299999 9424800.000000
436 62.099998 9424800.000000
437 62.500000 9424800.000000
438 62.500000 9424800.000000
439 62.099998 9424800.000000
440 62.400002 9424800.000000
441 62.400002 9424800.000000
442 62.299999 9424800.000000
443 62.299999 9424800.000000
444 62.299999 9424800.000000
445 62.200001 9424800.000000
446 62.500000 9424800.000000
447 63.099998 9424800.000000
448 62.400002 9424800.000000
449 63.099998 9424800.000000
450 62.700001 9424800.000000
451 62.900002 9424800.000000
452 62.700001 9424800.000000
453 63.099998 9424800.000000
454 63.299999 9424800.000000
455 63.900002 9424800.000000
456 64.000000 9424800.000000
457 63.099998 9424800.000000
458 63.299999 9424800.000000
459 63.400002 9424800.000000
460 63.900002 9424800.000000
461 64.099998 9424800.000000
462 64.199997 9424800.000000
463 64.500000 9424800.000000
464 64.800003 9424800.000000
465 65.000000 9424800.000000
466 65.199997 9424800.000000
467 65.599998 9424800.000000
468 68.699997 9424800.000000
469 63.599998 9424800.000000
470 66.400002 9424800.000000
471 66.699997 9424800.000000
472 67.000000 9424800.000000
473 66.800003 9424800.000000
474 67.300003 9424800.000000
475 67.800003 9424800.000000
476 68.099998 9424800.000000
477 68.800003 9424800.000000
478 69.599998 9424800.000000
479 67.500000 9424800.000000
480 69.199997 9424800.000000
481 69.800003 9424800.000000
482 69.900002 9424800.000000
483 70.900002 9424800.000000
484 71.400002 9424800.000000
485 70.699997 9424800.000000
486 70.599998 9424800.000000
487 71.699997 9424800.000000
488 72.800003 9424800.000000
489 71.900002 9424800.000000
490 72.500000 9424800.000000
491 72.300003 9424800.000000
492 72.000000 9424800.000000
493 72.099998 9424800.000000
494 72.099998 9424800.000000
495 72.699997 9424800.000000
496 73.000000 9424800.000000
497 72.500000 9424800.000000
498 72.599998 9424800.000000
499 73.099998 9424800.000000
500 74.000000 9424800.000000
501 74.099998 9424800.000000
502 75.199997 9424800.000000
503 76.000000 9424800.000000
504 76.500000 9424800.000000
505 76.800003 9424800.000000
506 76.500000 9424800.000000
507 78.199997 9424800.000000
508 75.000000 9424800.000000
509 76.099998 9424800.000000
510 75.599998 9424800.000000
511 75.199997 9424800.000000
512 75.500000 9424800.000000
513 75.300003 9424800.000000
514 75.199997 9424800.000000
515 74.800003 9424800.000000
516 74.699997 9424800.000000
517 73.699997 9424800.000000
518 74.300003 9424800.000000
519 78.000000 9424800.000000
520 69.199997 9424800.000000
521 74.000000 9424800.000000
522 73.400002 9424800.000000
523 73.500000 9424800.000000
524 73.199997 9424800.000000
525 72.800003 9424800.000000
526 72.800003 9424800.000000
527 72.400002 9424800.000000
528 72.199997 9424800.000000
529 72.300003 9424800.000000
530 70.800003 9424800.000000
531 70.300003 9424800.000000
532 70.099998 9424800.000000
533 69.599998 9424800.000000
534 69.500000 9424800.000000
535 67.500000 9424800.000000
536 68.099998 9424800.000000
537 67.699997 9424800.000000
538 67.300003 9424800.000000
539 66.900002 9424800.000000
540 66.900002 9424800.000000
541 66.900002 9424800.000000
542 66.400002 9424800.000000
543 66.300003 9424800.000000
544 66.800003 9424800.000000
545 66.599998 9424800.000000
546 66.699997 9424800.000000
547 67.099998 9424800.000000
548 67.099998 9424800.000000
549 67.199997 9424800.000000
550 66.900002 9424800.000000
551 66.099998 9424800.000000
552 64.500000 9424800.000000
553 64.500000 9424800.000000
554 63.799999 9424800.000000
555 63.500000 9424800.000000
556 63.900002 9424800.000000
557 63.400002 9424800.000000
558 63.200001 9424800.000000
559 63.200001 9424800.000000
560 63.200001 9424800.000000
561 63.500000 9424800.000000
562 62.799999 9424800.000000
563 63.500000 9424800.000000
564 63.000000 9424800.000000
565 63.299999 9424800.000000
566 63.200001 9424800.000000
567 62.799999 9424800.000000
568 62.700001 9424800.000000
569 62.400002 9424800.000000
570 62.200001 9424800.000000
571 62.200001 9424800.000000
572 62.200001 9424800.000000
573 62.299999 9424800.000000
574 62.200001 9424800.000000
575 61.799999 9424800.000000
576 62.400002 9424800.000000
577 62.299999 9424800.000000
578 62.299999 9424800.000000
579 67.000000 9424800.000000
580 58.700001 9424800.000000
581 62.200001 9424800.000000
582 62.599998 9424800.000000
583 62.700001 9424800.000000
584 62.700001 9424800.000000
585 62.799999 9424800.000000
586 62.700001 9424800.000000
587 62.700001 9424800.000000
588 63.000000 9424800.000000
589 62.400002 9424800.000000
590 62.700001 9424800.000000
591 62.700001 9424800.000000
592 62.500000 9424800.000000
593 63.099998 9424800.000000
594 62.599998 9424800.000000
595 62.900002 9424800.000000
596 62.900002 9424800.000000
597 62.799999 9424800.000000
598 62.900002 9424800.000000
599 62.700001 9424800.000000
600 62.700001 9424800.000000
601 62.299999 9424800.000000
602 62.700001 9424800.000000
603 62.200001 9424800.000000
604 62.400002 9424800.000000
605 62.200001 9424800.000000
606 62.799999 9424800.000000
607 62.599998 9424800.000000
608 62.000000 9424800.000000
609 62.700001 9424800.000000
610 61.900002 9424800.000000
611 62.599998 9424800.000000
612 62.299999 9424800.000000
613 62.299999 9424800.000000
614 62.400002 9424800.000000
615 62.599998 9424800.000000
616 61.900002 9424800.000000
617 62.099998 9424800.000000
618 62.400002 9424800.000000
619 62.799999 9424800.000000
620 62.599998 9424800.000000
621 63.299999 9424800.000000
622 63.900002 9424800.000000
623 64.599998 9424800.000000
624 64.599998 9424800.000000
625 64.500000 9424800.000000
626 64.699997 9424800.000000
627 64.300003 9424800.000000
628 64.400002 9424800.000000
629 64.599998 9424800.000000
630 64.199997 9424800.000000
631 64.099998 9424800.000000
632 64.900002 9424800.000000
633 63.599998 9424800.000000
634 63.900002 9424800.000000
635 63.799999 9424800.000000
636 63.700001 9424800.000000
637 63.299999 9424800.000000
638 63.299999 9424800.000000
639 63.000000 9424800.000000
640 62.799999 9424800.000000
641 62.099998 9424800.000000
642 61.200001 9424800.000000
643 60.799999 9424800.000000
644 61.000000 9424800.000000
645 61.099998 9424800.000000
646 60.400002 9424800.000000
647 60.599998 9424800.000000
648 60.700001 9424800.000000
649 60.500000 9424800.000000
650 60.400002 9424800.000000
651 60.799999 9424800.000000
652 60.500000 9424800.000000
653 64.699997 9424800.000000
654 57.299999 9424800.000000
655 60.099998 9424800.000000
656 61.000000 9424800.000000
657 60.400002 9424800.000000
658 61.000000 9424800.000000
659 60.700001 9424800.000000
660 60.599998 9424800.000000
661 60.700001 9424800.000000
662 60.599998 9424800.000000
663 60.700001 9424800.000000
664 60.400002 9424800.000000
665 60.700001 9424800.000000
666 60.700001 9424800.000000
667 60.400002 9424800.000000
668 60.500000 9424800.000000
669 60.700001 9424800.000000
670 60.400002 9424800.000000
671 60.599998 9424800.000000
672 61.200001 9424800.000000
673 60.700001 9424800.000000
674 60.700001 9424800.000000
675 60.400002 9424800.000000
676 60.500000 9424800.000000
677 60.400002 9424800.000000
678 60.500000 9424800.000000
679 60.500000 9424800.000000
680 60.500000 9424800.000000
681 60.500000 9424800.000000
682 60.599998 9424800.000000
683 60.599998 9424800.000000
684 60.400002 9424800.000000
685 60.599998 9424800.000000
686 61.000000 9424800.000000
687 60.700001 9424800.000000
688 60.700001 9424800.000000
689 60.400002 9424800.000000
690 60.700001 9424800.000000
691 60.599998 9424800.000000
692 60.500000 9424800.000000
693 63.900002 9424800.000000
694 57.299999 9424800.000000
695 60.900002 9424800.000000
696 60.599998 9424800.000000
697 61.099998 9424800.000000
698 61.799999 9424800.000000
699 59.500000 9424800.000000
700 60.400002 9424800.000000
701 60.599998 9424800.000000
702 61.000000 9424800.000000
703 62.299999 9424800.000000
704 58.900002 9424800.000000
705 60.700001 9424800.000000
706 60.799999 9424800.000000
707 60.599998 9424800.000000
708 60.400002 9424800.000000
709 60.700001 9424800.000000
710 60.799999 9424800.000000
711 60.400002 9424800.000000
712 61.099998 9424800.000000
713 60.599998 9424800.000000
714 60.599998 9424800.000000
715 60.799999 9424800.000000
716 60.299999 9424800.000000
717 60.500000 9424800.000000
718 60.799999 9424800.000000
719 60.500000 9424800.000000
720 60.799999 9424800.000000