frame ft primitives
3 10.900000 40000.000000
4 10.300000 40000.000000
5 19.100000 40000.000000
6 10.300000 40000.000000
7 10.200000 40000.000000
8 10.500000 40000.000000
9 10.600000 40000.000000
10 10.100000 40000.000000
11 10.600000 40000.000000
12 10.200000 40000.000000
13 10.500000 40000.000000
14 10.500000 40000.000000
15 10.600000 40000.000000
16 11.100000 40000.000000
17 10.500000 40000.000000
18 10.300000 40000.000000
19 10.300000 40000.000000
20 10.100000 40000.000000
21 10.200000 40000.000000
22 10.600000 40000.000000
23 10.100000 40000.000000
24 10.000000 40000.000000
25 10.400000 40000.000000
26 10.800000 40000.000000
27 11.000000 40000.000000
28 10.400000 40000.000000
29 10.400000 40000.000000
30 11.000000 40000.000000
31 10.800000 40000.000000
32 10.000000 40000.000000
33 10.000000 40000.000000
34 10.700000 40000.000000
35 10.400000 40000.000000
36 10.200000 40000.000000
37 10.500000 40000.000000
38 10.900000 40000.000000
39 10.800000 40000.000000
40 10.700000 40000.000000
41 10.400000 40000.000000
42 10.100000 40000.000000
43 9.700000 40000.000000
44 9.600000 40000.000000
45 9.800000 40000.000000
46 9.900000 40000.000000
47 9.800000 40000.000000
48 9.500000 40000.000000
49 10.500000 40000.000000
50 10.900000 40000.000000
51 10.800000 40000.000000
52 9.800000 40000.000000
53 10.100000 40000.000000
54 10.800000 40000.000000
55 10.800000 40000.000000
56 10.700000 40000.000000
57 10.900000 40000.000000
58 10.800000 40000.000000
59 10.900000 40000.000000
60 10.800000 40000.000000
61 10.600000 40000.000000
62 10.700000 40000.000000
63 10.600000 40000.000000
64 10.000000 40000.000000
65 10.100000 40000.000000
66 9.900000 40000.000000
67 10.100000 40000.000000
68 10.800000 40000.000000
69 10.500000 40000.000000
70 10.400000 40000.000000
71 10.300000 40000.000000
72 10.500000 40000.000000
73 11.100000 40000.000000
74 11.000000 40000.000000
75 10.800000 40000.000000
76 10.400000 40000.000000
77 10.300000 40000.000000
78 9.600000 40000.000000
79 10.400000 40000.000000
80 10.600000 40000.000000
81 10.100000 40000.000000
82 10.500000 40000.000000
83 10.800000 40000.000000
84 10.500000 40000.000000
85 11.000000 40000.000000
86 10.600000 40000.000000
87 10.400000 40000.000000
88 10.600000 40000.000000
89 10.600000 40000.000000
90 10.900000 40000.000000
91 10.700000 40000.000000
92 10.100000 40000.000000
93 10.100000 40000.000000
94 10.600000 40000.000000
95 11.000000 40000.000000
96 10.900000 40000.000000
97 11.000000 40000.000000
98 11.100000 40000.000000
99 10.400000 40000.000000
100 10.700000 40000.000000
101 10.300000 40000.000000
102 10.300000 40000.000000
103 10.100000 40000.000000
104 10.600000 40000.000000
105 10.400000 40000.000000
106 10.200000 40000.000000
107 10.600000 40000.000000
108 10.500000 40000.000000
109 11.000000 40000.000000
110 10.700000 40000.000000
111 10.800000 40000.000000
112 10.400000 40000.000000
113 11.100000 40000.000000
114 10.900000 40000.000000
115 10.300000 40000.000000
116 10.600000 40000.000000
117 10.700000 40000.000000
118 10.700000 40000.000000
119 10.700000 40000.000000
120 10.700000 40000.000000
121 10.900000 40000.000000
122 10.800000 40000.000000
123 9.800000 40000.000000
124 10.200000 40000.000000
125 10.700000 40000.000000
126 10.300000 40000.000000
127 10.600000 40000.000000
128 10.200000 40000.000000
129 9.900000 40000.000000
130 10.100000 40000.000000
131 10.400000 40000.000000
132 10.100000 40000.000000
133 10.700000 40000.000000
134 10.900000 40000.000000
135 11.000000 40000.000000
136 10.900000 40000.000000
137 10.800000 40000.000000
138 10.600000 40000.000000
139 10.700000 40000.000000
140 11.000000 40000.000000
141 10.600000 40000.000000
142 10.800000 40000.000000
143 10.900000 40000.000000
144 10.500000 40000.000000
145 10.800000 40000.000000
146 10.800000 40000.000000
147 10.600000 40000.000000
148 10.900000 40000.000000
149 10.900000 40000.000000
150 10.200000 40000.000000
151 10.000000 40000.000000
152 8.800000 40000.000000
153 8.700000 40000.000000
154 8.200000 40000.000000
155 8.400000 40000.000000
156 8.700000 40000.000000
157 8.200000 40000.000000
158 8.300000 40000.000000
159 8.600000 40000.000000
160 8.700000 40000.000000
161 8.700000 40000.000000
162 8.600000 40000.000000
163 8.700000 40000.000000
164 8.200000 40000.000000
165 8.400000 40000.000000
166 8.700000 40000.000000
167 8.500000 40000.000000
168 8.400000 40000.000000
169 8.500000 40000.000000
170 8.600000 40000.000000
171 8.500000 40000.000000
172 8.500000 40000.000000
173 8.600000 40000.000000
174 8.600000 40000.000000
175 8.400000 40000.000000
176 8.400000 40000.000000
177 8.900000 40000.000000
178 8.200000 40000.000000
179 8.000000 40000.000000
180 8.400000 40000.000000
181 8.000000 40000.000000
182 8.700000 40000.000000
183 8.200000 40000.000000
184 8.300000 40000.000000
185 8.400000 40000.000000
186 8.500000 40000.000000
187 8.000000 40000.000000
188 8.100000 40000.000000
189 8.200000 40000.000000
190 8.000000 40000.000000
191 8.300000 40000.000000
192 8.500000 40000.000000
193 8.800000 40000.000000
194 8.400000 40000.000000
195 8.500000 40000.000000
196 8.600000 40000.000000
197 8.600000 40000.000000
198 8.700000 40000.000000
199 8.400000 40000.000000
200 8.600000 40000.000000
201 8.500000 40000.000000
202 8.600000 40000.000000
203 8.600000 40000.000000
204 8.400000 40000.000000
205 8.400000 40000.000000
206 8.200000 40000.000000
207 8.200000 40000.000000
208 8.500000 40000.000000
209 8.500000 40000.000000
210 8.100000 40000.000000
211 8.400000 40000.000000
212 8.200000 40000.000000
213 8.300000 40000.000000
214 8.300000 40000.000000
215 8.100000 40000.000000
216 8.300000 40000.000000
217 8.100000 40000.000000
218 8.300000 40000.000000
219 8.400000 40000.000000
220 8.700000 40000.000000
221 8.400000 40000.000000
222 8.100000 40000.000000
223 8.300000 40000.000000
224 8.000000 40000.000000
225 8.400000 40000.000000
226 8.000000 40000.000000
227 8.300000 40000.000000
228 8.200000 40000.000000
229 8.600000 40000.000000
230 8.100000 40000.000000
231 8.300000 40000.000000
232 8.100000 40000.000000
233 8.200000 40000.000000
234 8.700000 40000.000000
235 8.200000 40000.000000
236 8.200000 40000.000000
237 8.000000 40000.000000
238 8.500000 40000.000000
239 8.300000 40000.000000
240 8.400000 40000.000000
241 8.600000 40000.000000
242 8.000000 40000.000000
243 8.300000 40000.000000
244 8.300000 40000.000000
245 8.200000 40000.000000
246 8.000000 40000.000000
247 8.500000 40000.000000
248 8.100000 40000.000000
249 8.500000 40000.000000
250 8.300000 40000.000000
251 8.200000 40000.000000
252 8.600000 40000.000000
253 8.000000 40000.000000
254 8.000000 40000.000000
255 7.900000 40000.000000
256 7.900000 40000.000000
257 8.300000 40000.000000
258 8.000000 40000.000000
259 8.100000 40000.000000
260 8.300000 40000.000000
261 8.200000 40000.000000
262 8.100000 40000.000000
263 8.100000 40000.000000
264 8.200000 40000.000000
265 8.100000 40000.000000
266 8.800000 40000.000000
267 8.300000 40000.000000
268 7.900000 40000.000000
269 8.500000 40000.000000
270 8.400000 40000.000000
271 8.000000 40000.000000
272 8.300000 40000.000000
273 8.700000 40000.000000
274 8.100000 40000.000000
275 8.200000 40000.000000
276 8.300000 40000.000000
277 8.500000 40000.000000
278 8.100000 40000.000000
279 8.000000 40000.000000
280 8.400000 40000.000000
281 8.200000 40000.000000
282 8.100000 40000.000000
283 8.200000 40000.000000
284 8.300000 40000.000000
285 8.700000 40000.000000
286 8.300000 40000.000000
287 8.600000 40000.000000
288 8.300000 40000.000000
289 8.200000 40000.000000
290 8.100000 40000.000000
291 8.800000 40000.000000
292 8.300000 40000.000000
293 8.400000 40000.000000
294 8.600000 40000.000000
295 8.200000 40000.000000
296 8.700000 40000.000000
297 8.500000 40000.000000
298 8.600000 40000.000000
299 8.600000 40000.000000
300 8.400000 40000.000000
301 8.500000 40000.000000
302 8.900000 40000.000000
303 8.300000 40000.000000
304 8.200000 40000.000000
305 8.700000 40000.000000
306 8.400000 40000.000000
307 8.600000 40000.000000
308 8.100000 40000.000000
309 8.200000 40000.000000
310 8.100000 40000.000000
311 8.100000 40000.000000
312 8.400000 40000.000000
313 8.300000 40000.000000
314 8.800000 40000.000000
315 8.700000 40000.000000
316 8.600000 40000.000000
317 8.900000 40000.000000
318 9.000000 40000.000000
319 8.500000 40000.000000
320 8.600000 40000.000000
321 8.300000 40000.000000
322 8.600000 40000.000000
323 8.700000 40000.000000
324 8.400000 40000.000000
325 8.200000 40000.000000
326 8.900000 40000.000000
327 8.700000 40000.000000
328 8.700000 40000.000000
329 8.600000 40000.000000
330 8.500000 40000.000000
331 8.600000 40000.000000
332 8.400000 40000.000000
333 8.400000 40000.000000
334 8.500000 40000.000000
335 8.600000 40000.000000
336 8.400000 40000.000000
337 8.800000 40000.000000
338 8.100000 40000.000000
339 8.200000 40000.000000
340 8.600000 40000.000000
341 8.200000 40000.000000
342 8.500000 40000.000000
343 8.400000 40000.000000
344 8.800000 40000.000000
345 8.900000 40000.000000
346 8.600000 40000.000000
347 8.200000 40000.000000
348 8.200000 40000.000000
349 8.300000 40000.000000
350 8.600000 40000.000000
351 8.600000 40000.000000
352 8.400000 40000.000000
353 8.600000 40000.000000
354 8.400000 40000.000000
355 8.000000 40000.000000
356 8.600000 40000.000000
357 8.600000 40000.000000
358 8.100000 40000.000000
359 8.500000 40000.000000
360 8.900000 40000.000000
361 8.800000 40000.000000
362 8.700000 40000.000000
363 8.500000 40000.000000
364 8.600000 40000.000000
365 8.700000 40000.000000
366 8.500000 40000.000000
367 8.700000 40000.000000
368 8.400000 40000.000000
369 8.700000 40000.000000
370 8.300000 40000.000000
371 8.900000 40000.000000
372 8.500000 40000.000000
373 8.500000 40000.000000
374 8.800000 40000.000000
375 8.800000 40000.000000
376 8.600000 40000.000000
377 8.700000 40000.000000
378 8.300000 40000.000000
379 8.500000 40000.000000
380 8.900000 40000.000000
381 8.400000 40000.000000
382 8.000000 40000.000000
383 8.200000 40000.000000
384 8.700000 40000.000000
385 8.300000 40000.000000
386 8.300000 40000.000000
387 8.400000 40000.000000
388 8.100000 40000.000000
389 8.500000 40000.000000
390 8.000000 40000.000000
391 8.600000 40000.000000
392 8.700000 40000.000000
393 8.700000 40000.000000
394 8.700000 40000.000000
395 8.400000 40000.000000
396 8.900000 40000.000000
397 8.300000 40000.000000
398 8.800000 40000.000000
399 8.200000 40000.000000
400 8.200000 40000.000000
401 8.500000 40000.000000
402 8.600000 40000.000000
403 8.500000 40000.000000
404 8.900000 40000.000000
405 8.800000 40000.000000
406 8.800000 40000.000000
407 8.200000 40000.000000
408 8.800000 40000.000000
409 8.800000 40000.000000
410 8.900000 40000.000000
411 8.200000 40000.000000
412 8.100000 40000.000000
413 8.600000 40000.000000
414 8.500000 40000.000000
415 8.600000 40000.000000
416 8.500000 40000.000000
417 8.300000 40000.000000
418 8.900000 40000.000000
419 8.400000 40000.000000
420 8.900000 40000.000000
421 8.900000 40000.000000
422 8.400000 40000.000000
423 8.200000 40000.000000
424 8.600000 40000.000000
425 8.500000 40000.000000
426 8.600000 40000.000000
427 8.700000 40000.000000
428 8.100000 40000.000000
429 8.300000 40000.000000
430 8.500000 40000.000000
431 8.600000 40000.000000
432 8.400000 40000.000000
433 8.000000 40000.000000
434 8.400000 40000.000000
435 8.900000 40000.000000
436 8.600000 40000.000000
437 8.500000 40000.000000
438 8.600000 40000.000000
439 8.200000 40000.000000
440 8.600000 40000.000000
441 8.300000 40000.000000
442 8.800000 40000.000000
443 8.600000 40000.000000
444 8.600000 40000.000000
445 8.500000 40000.000000
446 8.100000 40000.000000
447 8.100000 40000.000000
448 8.300000 40000.000000
449 8.500000 40000.000000
450 8.300000 40000.000000
451 8.600000 40000.000000
452 8.200000 40000.000000
453 8.400000 40000.000000
454 8.200000 40000.000000
455 8.000000 40000.000000
456 8.000000 40000.000000
457 8.300000 40000.000000
458 8.800000 40000.000000
459 9.000000 40000.000000
460 8.500000 40000.000000
461 8.700000 40000.000000
462 8.700000 40000.000000
463 8.600000 40000.000000
464 8.400000 40000.000000
465 8.600000 40000.000000
466 8.500000 40000.000000
467 8.900000 40000.000000
468 9.000000 40000.000000
469 8.800000 40000.000000
470 8.900000 40000.000000
471 8.300000 40000.000000
472 8.700000 40000.000000
473 8.700000 40000.000000
474 8.400000 40000.000000
475 8.500000 40000.000000
476 8.700000 40000.000000
477 8.400000 40000.000000
478 8.900000 40000.000000
479 8.500000 40000.000000
480 8.900000 40000.000000
481 8.700000 40000.000000
482 9.000000 40000.000000
483 8.600000 40000.000000
484 8.600000 40000.000000
485 8.300000 40000.000000
486 8.500000 40000.000000
487 8.700000 40000.000000
488 8.700000 40000.000000
489 8.700000 40000.000000
490 8.000000 40000.000000
491 8.300000 40000.000000
492 8.500000 40000.000000
493 8.600000 40000.000000
494 8.700000 40000.000000
495 8.700000 40000.000000
496 8.800000 40000.000000
497 8.300000 40000.000000
498 8.800000 40000.000000
499 8.800000 40000.000000
500 8.400000 40000.000000
501 8.400000 40000.000000
502 8.900000 40000.000000
503 8.700000 40000.000000
504 8.600000 40000.000000
505 8.700000 40000.000000
506 8.800000 40000.000000
507 8.500000 40000.000000
508 8.600000 40000.000000
509 8.900000 40000.000000
510 8.700000 40000.000000
511 8.800000 40000.000000
512 8.100000 40000.000000
513 8.200000 40000.000000
514 8.700000 40000.000000
515 8.600000 40000.000000
516 8.800000 40000.000000
517 8.500000 40000.000000
518 8.700000 40000.000000
519 8.200000 40000.000000
520 8.700000 40000.000000
521 8.400000 40000.000000
522 8.300000 40000.000000
523 8.800000 40000.000000
524 8.500000 40000.000000
525 8.500000 40000.000000
526 8.500000 40000.000000
527 8.700000 40000.000000
528 8.700000 40000.000000
529 8.200000 40000.000000
530 8.200000 40000.000000
531 8.600000 40000.000000
532 8.200000 40000.000000
533 8.300000 40000.000000
534 8.600000 40000.000000
535 8.400000 40000.000000
536 8.300000 40000.000000
537 8.300000 40000.000000
538 8.000000 40000.000000
539 8.700000 40000.000000
540 8.700000 40000.000000
541 8.300000 40000.000000
542 8.600000 40000.000000
543 8.700000 40000.000000
544 8.300000 40000.000000
545 8.700000 40000.000000
546 9.000000 40000.000000
547 8.500000 40000.000000
548 8.300000 40000.000000
549 8.700000 40000.000000
550 8.800000 40000.000000
551 8.400000 40000.000000
552 8.200000 40000.000000
553 8.400000 40000.000000
554 8.800000 40000.000000
555 8.600000 40000.000000
556 8.300000 40000.000000
557 8.500000 40000.000000
558 8.300000 40000.000000
559 8.800000 40000.000000
560 9.000000 40000.000000
561 8.800000 40000.000000
562 8.400000 40000.000000
563 8.200000 40000.000000
564 8.500000 40000.000000
565 8.500000 40000.000000
566 8.500000 40000.000000
567 8.800000 40000.000000
568 8.500000 40000.000000
569 8.400000 40000.000000
570 8.500000 40000.000000
571 8.900000 40000.000000
572 8.500000 40000.000000
573 8.400000 40000.000000
574 8.900000 40000.000000
575 8.500000 40000.000000
576 8.800000 40000.000000
577 8.800000 40000.000000
578 8.200000 40000.000000
579 8.100000 40000.000000
580 8.400000 40000.000000
581 8.500000 40000.000000
582 8.900000 40000.000000
583 8.800000 40000.000000
584 8.800000 40000.000000
585 8.600000 40000.000000
586 8.100000 40000.000000
587 8.600000 40000.000000
588 8.400000 40000.000000
589 8.500000 40000.000000
590 8.800000 40000.000000
591 8.500000 40000.000000
592 8.800000 40000.000000
593 8.700000 40000.000000
594 8.700000 40000.000000
595 8.300000 40000.000000
596 8.700000 40000.000000
597 8.700000 40000.000000
598 8.700000 40000.000000
599 8.800000 40000.000000
600 8.700000 40000.000000
601 8.000000 40000.000000
602 8.400000 40000.000000
603 8.600000 40000.000000
604 8.700000 40000.000000
605 8.400000 40000.000000
606 8.700000 40000.000000
607 8.300000 40000.000000
608 8.600000 40000.000000
609 8.700000 40000.000000
610 8.600000 40000.000000
611 8.700000 40000.000000
612 8.500000 40000.000000
613 9.000000 40000.000000
614 8.100000 40000.000000
615 8.200000 40000.000000
616 8.300000 40000.000000
617 8.400000 40000.000000
618 8.500000 40000.000000
619 8.500000 40000.000000
620 8.600000 40000.000000
621 8.500000 40000.000000
622 8.800000 40000.000000
623 8.400000 40000.000000
624 8.100000 40000.000000
625 8.200000 40000.000000
626 8.500000 40000.000000
627 8.500000 40000.000000
628 8.200000 40000.000000
629 8.300000 40000.000000
630 8.400000 40000.000000
631 8.200000 40000.000000
632 8.200000 40000.000000
633 8.200000 40000.000000
634 8.300000 40000.000000
635 8.000000 40000.000000
636 8.600000 40000.000000
637 8.600000 40000.000000
638 8.600000 40000.000000
639 8.500000 40000.000000
640 8.600000 40000.000000
641 8.200000 40000.000000
642 8.500000 40000.000000
643 8.500000 40000.000000
644 8.500000 40000.000000
645 8.000000 40000.000000
646 8.100000 40000.000000
647 8.500000 40000.000000
648 7.900000 40000.000000
649 8.400000 40000.000000
650 8.700000 40000.000000
651 8.100000 40000.000000
652 8.100000 40000.000000
653 8.200000 40000.000000
654 8.000000 40000.000000
655 8.300000 40000.000000
656 8.600000 40000.000000
657 8.000000 40000.000000
658 8.100000 40000.000000
659 8.200000 40000.000000
660 7.800000 40000.000000
661 8.700000 40000.000000
662 8.600000 40000.000000
663 8.800000 40000.000000
664 8.500000 40000.000000
665 8.000000 40000.000000
666 8.400000 40000.000000
667 8.000000 40000.000000
668 8.500000 40000.000000
669 8.000000 40000.000000
670 8.300000 40000.000000
671 8.200000 40000.000000
672 8.300000 40000.000000
673 8.400000 40000.000000
674 8.500000 40000.000000
675 8.500000 40000.000000
676 8.500000 40000.000000
677 8.700000 40000.000000
678 8.200000 40000.000000
679 8.500000 40000.000000
680 8.200000 40000.000000
681 8.100000 40000.000000
682 8.200000 40000.000000
683 8.400000 40000.000000
684 8.700000 40000.000000
685 8.100000 40000.000000
686 8.100000 40000.000000
687 7.900000 40000.000000
688 8.200000 40000.000000
689 8.300000 40000.000000
690 8.500000 40000.000000
691 8.400000 40000.000000
692 8.100000 40000.000000
693 8.000000 40000.000000
694 8.400000 40000.000000
695 8.000000 40000.000000
696 8.200000 40000.000000
697 8.700000 40000.000000
698 8.500000 40000.000000
699 8.000000 40000.000000
700 8.200000 40000.000000
701 8.100000 40000.000000
702 8.600000 40000.000000
703 8.500000 40000.000000
704 8.100000 40000.000000
705 8.100000 40000.000000
706 8.400000 40000.000000
707 8.500000 40000.000000
708 8.100000 40000.000000
709 8.300000 40000.000000
710 8.100000 40000.000000
711 8.000000 40000.000000
712 8.100000 40000.000000
713 8.200000 40000.000000
714 7.900000 40000.000000
715 8.100000 40000.000000
716 8.200000 40000.000000
717 8.000000 40000.000000
718 8.500000 40000.000000
719 8.400000 40000.000000
720 8.100000 40000.000000
721 